8,
9,0x29
10,0x1E
11,0x1F
12,0x20
13,0x21
14,0x22
15,0x23
16,0x24
17,0x25
18,0x26
19,0x27
20,0x2D
21,0x2E
22,0x2A
23,0x2B
24,0x14
25,0x1A
26,0x08
27,0x15
28,0x17
29,0x1C
30,0x18
31,0x0C
32,0x12
33,0x13
34,0x2F
35,0x30
36,0x28
37,0xE0
38,0x04
39,0x16
40,0x07
41,0x09
42,0x0A
43,0x0B
44,0x0D
45,0x0E
46,0x0F
47,0x33
48,0x34
49,0x35
50,0xE1
51,0x31
52,0x1D
53,0x1B
54,0x06
55,0x19
56,0x05
57,0x11
58,0x10
59,0x36
60,0x37
61,0x38
62,0xE5
63,0x55
64,0xE2
65,0x2C
66,0x39
67,0x3A
68,0x3B
69,0x3C
70,0x3D
71,0x3E
72,0x3F
73,0x40
74,0x41
75,0x42
76,0x43
77,0x53
78,0x47
79,0x5F
80,0x60
81,0x61
82,0x56
83,0x5C
84,0x5D
85,0x5E
86,0x57
87,0x59
88,0x5A
89,0x5B
90,0x62
91,0x63
92,
93,
94,0x64
95,0x44
96,0x45
97,
98,
99,
100,
101,
102,
103,
104,0x58
105,0xE4
106,0x54
107,0x46
108,0xE6
109,
110,0x4A
111,0x52
112,0x4B
113,0x50
114,0x4F
115,0x4D
116,0x51
117,0x4E
118,0x49
119,0x4C
120,
121,
122,
123,
124,
125,
126,
127,0x48
128,
129,
130,
131,
132,
133,0xE3
134,0xE7
135,
136,
137,
138,
139,
140,
141,
142,
143,
144,
145,
146,
147,
148,
149,
150,
151,
152,
153,
154,
155,
156,
157,
158,
159,
160,
161,
162,
163,
164,
165,
166,
167,
168,
169,
170,
171,
172,
173,
174,
175,
176,
177,
178,
179,
180,
181,
182,
183,
184,
185,
186,
187,
188,
189,
190,
191,
192,
193,
194,
195,
196,
197,
198,
199,
200,
201,
202,
203,
204,
205,
206,
207,
208,
209,
210,
211,
212,
213,
214,
215,
216,
217,
218,
219,
220,
221,
222,
223,
224,
225,
226,
227,
228,
229,
230,
231,
232,
233,
234,
235,
236,
237,
238,
239,
240,
241,
242,
243,
244,
245,
246,
247,
248,
249,
250,
251,
252,
253,
254,
255